fd810113
00000013
00000013
00500293
00000013
00000013
00512023
00000013
00000013
00300293
00000013
00000013
00512223
00000013
00000013
00600293
00000013
00000013
00512423
00000013
00000013
00800293
00000013
00000013
00512623
00000013
00000013
00900293
00000013
00000013
00512823
00000013
00000013
00100293
00000013
00000013
00512a23
00000013
00000013
00400293
00000013
00000013
00512c23
00000013
00000013
00700293
00000013
00000013
00512e23
00000013
00000013
00200293
00000013
00000013
02512023
00000013
00000013
00a00293
00000013
00000013
02512223
00000013
00000013
00010293
00000013
00000013
00a00313
00000013
00000013
00000393
00000013
00000013
00000513
00000013
00000013
00a00893
00000013
00000013
00000073