fd810113
00000013
00000013
00500293
00000013
00000013
00510023
00000013
00000013
00300293
00000013
00000013
005100a3
00000013
00000013
00600293
00000013
00000013
00510123
00000013
00000013
00800293
00000013
00000013
005101a3
00000013
00000013
00900293
00000013
00000013
00510223
00000013
00000013
00100293
00000013
00000013
005102a3
00000013
00000013
00400293
00000013
00000013
00510323
00000013
00000013
00700293
00000013
00000013
005103a3
00000013
00000013
00200293
00000013
00000013
00510423
00000013
00000013
00a00293
00000013
00000013
005104a3
00000013
00000013
00010293
00000013
00000013
00a00313
00000013
00000013
00000393
00000013
00000013
00000513
00000013
00000013
00a00893
00000013
00000013
00000073
